:chr 1
:ExpectedMaleRecPerMeiosisArm1 = 1
:ExpectedMaleRecPerMeiosisArm2 = 0
:ExpectedFemaleRecPerMeiosisArm1 = 1
:ExpectedFemaleRecPerMeiosisArm2 = 0
	male	male_accumulative	female	female_accumulative	Male_recombination_fraction	Female_recombination_fraction	Avg_recombination_fraction	Kosambi_male_interval	Kosambi_male_pos	Kosambi_female_interval	Kosambi_female_pos	Kosambi_both_interval	Kosambi_both_pos
703621.1787	0.0208453903	0.0208453903	0.05828753566	0.05828753566	0.01042269515	0.02914376783	0.01978323149	0.0104242052	0.0104242052	0.02917683998	0.02917683998	0.01979356478	0.01979356478
1047558.664	0.01884090927	0.03968629956	0.05054091456	0.1088284502	0.009420454633	0.02527045728	0.01734545596	0.009421569561	0.01984577476	0.02529200713	0.05446884711	0.01735241917	0.03714598395
1350439.748	0.04419902054	0.08388532011	0.04227320583	0.151101656	0.02209951027	0.02113660291	0.02161805659	0.02211391802	0.04195969278	0.02114920697	0.07561805408	0.02163154238	0.05877752632
2032819.624	0.05578603291	0.139671353	0.06638211466	0.2174837707	0.02789301645	0.03319105733	0.03054203689	0.02792200572	0.0698816985	0.03323993971	0.1088579938	0.03058010896	0.08935763529
3282766.406	0.06918686793	0.2088582209	0.06833834845	0.2858221192	0.03459343396	0.03416917423	0.0343813041	0.03464879059	0.1045304891	0.03422251527	0.1430805091	0.03443564668	0.123793282
4952373.265	0.06396789948	0.2728261204	0.03947709637	0.3252992155	0.03198394974	0.01973854819	0.02586124896	0.03202768212	0.1365581712	0.01974881157	0.1628293206	0.02588434753	0.1496776295
5085739.251	0.05037319991	0.3231993203	0.009899939218	0.3351991547	0.02518659996	0.004949969609	0.01506828478	0.02520793577	0.161766107	0.004950131332	0.167779452	0.01507284901	0.1647504785
8208848.598	0.07764699501	0.4008463153	0.06317081841	0.3983699732	0.03882349751	0.0315854092	0.03520445335	0.03890180398	0.200667911	0.0316275245	0.1994069765	0.03526280136	0.2000132799
10873062.68	0.01328473797	0.4141310533	0.0530079588	0.451377932	0.006642368986	0.0265039794	0.01657317419	0.006642759786	0.2073106707	0.02652884535	0.2259358218	0.01657924774	0.2165925276
11750901.39	0.07605063282	0.4901816861	0.0005387900526	0.451916722	0.03802531641	0.0002693950263	0.01914735572	0.03809888085	0.2454095516	0.0002693950524	0.2262052169	0.01915672373	0.2357492513
13375891.13	0.04996427933	0.5401459655	0.02315667863	0.4750734006	0.02498213967	0.01157833932	0.01828023949	0.02500295958	0.2704125112	0.01158040954	0.2377856264	0.0182883909	0.2540376422
16004407.59	0.03489780765	0.5750437731	0.06105525223	0.5361286529	0.01744890382	0.03052762611	0.02398826497	0.01745599243	0.2878685036	0.03056564424	0.2683512706	0.0240066954	0.2780443376
16039154.57	0.04757540963	0.6226191827	0.07092903791	0.6070576908	0.02378770482	0.03546451896	0.02962611189	0.02380567641	0.31167418	0.03552417228	0.3038754429	0.02966085581	0.3077051935
17622057.43	0.05846382375	0.6810830065	0.03714817458	0.6442058654	0.02923191188	0.01857408729	0.02390299958	0.02926528542	0.3409394654	0.01858263837	0.3224580813	0.02392123401	0.3316264275
18684306.73	0.04876151269	0.7298445192	0.0688309297	0.7130367951	0.02438075635	0.03441546485	0.0293981106	0.02440010721	0.3653395726	0.03446996988	0.3569280512	0.02943205742	0.3610584849
19199597.2	0.05224625473	0.7820907739	0.05472122152	0.7677580166	0.02612312737	0.02736061076	0.02674186906	0.02614693555	0.3914865082	0.02738796958	0.3843160207	0.02676741138	0.3878258963
21582277.85	0.08619242807	0.868283202	0.06340939873	0.8311674153	0.04309621403	0.03170469937	0.0374004567	0.04320341481	0.434689923	0.03174729441	0.4160633152	0.03747044587	0.4252963421
22007544.51	0.04330770406	0.9115909061	0.0557535183	0.8869209336	0.02165385203	0.02787675915	0.02476530559	0.02166740497	0.456357328	0.02790569769	0.4439690129	0.02478558754	0.4500819297
22311978.28	0.02009082515	0.9316817312	0.02529084661	0.9122117802	0.01004541258	0.01264542331	0.01134541794	0.01004676448	0.4664040925	0.01264812046	0.4566171333	0.0113473657	0.4614292954
24387276.21	0.06831826879	1	0.08778821978	1	0.03415913439	0.04389410989	0.03902662214	0.03421242834	0.5006165208	0.04400739481	0.5006245281	0.03910616719	0.5005354626
:chr 2
:ExpectedMaleRecPerMeiosisArm1 = 1
:ExpectedMaleRecPerMeiosisArm2 = 0
:ExpectedFemaleRecPerMeiosisArm1 = 1
:ExpectedFemaleRecPerMeiosisArm2 = 0
	male	male_accumulative	female	female_accumulative	Male_recombination_fraction	Female_recombination_fraction	Avg_recombination_fraction	Kosambi_male_interval	Kosambi_male_pos	Kosambi_female_interval	Kosambi_female_pos	Kosambi_both_interval	Kosambi_both_pos
437814.9637	0.06255778287	0.06255778287	0.02506127858	0.02506127858	0.03127889143	0.01253063929	0.02190476536	0.03131979058	0.03131979058	0.01253326364	0.01253326364	0.02191879528	0.02191879528
3465014.046	0.05099940641	0.1135571893	0.05022596126	0.07528723984	0.02549970321	0.02511298063	0.02530634192	0.0255218455	0.05684163608	0.02513412971	0.03766739336	0.0253279838	0.04724677908
3598513.863	0.03622267188	0.1497798612	0.04232106875	0.1176083086	0.01811133594	0.02116053438	0.01963593516	0.01811926337	0.07496089945	0.02117318132	0.05884057468	0.01964603921	0.06689281829
5391382.091	0.04116750617	0.1909473673	0.03058640488	0.1481947135	0.02058375308	0.01529320244	0.01793847776	0.02059539312	0.09555629257	0.01529797419	0.07413854887	0.01794618025	0.08483899854
6791474.161	0.05885709977	0.2498044671	0.0025500587	0.1507447722	0.02942854989	0.00127502935	0.01535178962	0.02946260241	0.125018895	0.001275032114	0.07541358099	0.01535661644	0.100195615
8091060.949	0.01405573142	0.2638601985	0.08568632711	0.2364310993	0.007027865712	0.04284316356	0.02493551463	0.007028328584	0.1320472236	0.0429484815	0.1183620625	0.02495621807	0.1251518331
8366606.132	0.02320756056	0.2870677591	0.02339486196	0.2598259612	0.01160378028	0.01169743098	0.01165060563	0.01160586418	0.1436530877	0.01169956576	0.1300616282	0.01165271487	0.1368045479
9528299.204	0.0663299993	0.3533977584	0.0567164571	0.3165424183	0.03316499965	0.02835822855	0.0307616141	0.03321376679	0.1768668545	0.02838869454	0.1584503228	0.03080051449	0.1676050624
10120330.06	0.08632490149	0.4397226599	0.05507186118	0.3716142795	0.04316245074	0.02753593059	0.03534919067	0.04327014806	0.2201370026	0.02756381936	0.1860141421	0.03540826275	0.2030133252
11802087.25	0.0451887533	0.4849114132	0.03039400562	0.4020082851	0.02259437665	0.01519700281	0.01889568973	0.02260977494	0.2427467775	0.01520168504	0.2012158272	0.01890469298	0.2219180181
14002523.54	0.05407503031	0.5389864435	0.04086945422	0.4428777394	0.02703751515	0.02043472711	0.02373612113	0.02706391503	0.2698106926	0.02044611599	0.2216619432	0.02375397596	0.2456719941
14895204.72	0.09437293576	0.6333593792	0.05763707221	0.5005148116	0.04718646788	0.0288185361	0.03800250199	0.0473273061	0.3171379987	0.0288505119	0.2505124551	0.0380759338	0.2837479279
15884801.55	0.08598954099	0.7193489202	0.06309413539	0.563608947	0.0429947705	0.03154706769	0.0372709191	0.0431012138	0.3602392124	0.03158902956	0.2821014846	0.03734018193	0.3210881098
18309985.59	0.05643454842	0.7757834686	0.05327767756	0.6168866245	0.02821727421	0.02663883878	0.02742805649	0.02824728759	0.3884865	0.02666408667	0.3087655713	0.02745561838	0.3485437282
18869650.44	0.05192528031	0.827708749	0.05623295821	0.6731195827	0.02596264016	0.02811647911	0.02703955963	0.02598601177	0.4144725118	0.02814617159	0.3369117429	0.02706596551	0.3756096937
19238421.17	0.01463075706	0.842339506	0.05713401966	0.7302536024	0.007315378529	0.02856700983	0.01794119418	0.00731590057	0.4217884124	0.02859815458	0.3655098975	0.01794890017	0.3935585939
20696595.73	0.02691422953	0.8692537356	0.05400796481	0.7842615672	0.01345711477	0.02700398241	0.02023054859	0.01346036552	0.4352487779	0.02703028407	0.3925401815	0.02024159926	0.4138001932
22441101.86	0.0673375931	0.9365913287	0.1062310969	0.8904926641	0.03366879655	0.05311554845	0.0433921725	0.03371982417	0.4689686021	0.05331671613	0.4458568977	0.04350160381	0.457301797
23088110.32	0.0339339016	0.9705252303	0.04214807737	0.9326407415	0.0169669508	0.02107403868	0.01902049474	0.01697346784	0.4859420699	0.02108653107	0.4669434287	0.01902967768	0.4763314746
24526493.93	0.02947476975	1	0.06735925853	1	0.01473738487	0.03367962926	0.02420850707	0.01474165486	0.5006837248	0.03373070624	0.500674135	0.02422745031	0.500558925
:chr 3
:ExpectedMaleRecPerMeiosisArm1 = 1
:ExpectedMaleRecPerMeiosisArm2 = 0
:ExpectedFemaleRecPerMeiosisArm1 = 1
:ExpectedFemaleRecPerMeiosisArm2 = 0
	male	male_accumulative	female	female_accumulative	Male_recombination_fraction	Female_recombination_fraction	Avg_recombination_fraction	Kosambi_male_interval	Kosambi_male_pos	Kosambi_female_interval	Kosambi_female_pos	Kosambi_both_interval	Kosambi_both_pos
444292.708	0.09986774085	0.09986774085	0.004596614372	0.004596614372	0.04993387042	0.002298307186	0.0261160888	0.05010087721	0.05010087721	0.002298323373	0.002298323373	0.02613987773	0.02613987773
2353244.101	0.02213535388	0.1220030947	0.1083919163	0.1129885307	0.01106767694	0.05419595817	0.03263181756	0.0110694851	0.0611703623	0.05440971299	0.05670803636	0.03267826634	0.05881814408
2868426.709	0.02388136804	0.1458844628	0.09246097055	0.2054495013	0.01194068402	0.04623048528	0.02908558465	0.0119429548	0.0731133171	0.04636290714	0.1030709435	0.02911845884	0.08793660292
3079105.414	0.038189048	0.1840735108	0.0413319271	0.2467814284	0.019094524	0.02066596355	0.01988024377	0.01910381464	0.09221713174	0.02067774371	0.1237486872	0.01989072992	0.1078273328
4596523.174	0.01103237255	0.1951058833	0.04784722969	0.2946286581	0.005516186274	0.02392361484	0.01471990056	0.005516410088	0.09773354182	0.02394189653	0.1476905837	0.01472415536	0.1225514882
4962350.733	0.06530365549	0.2604095388	0.05313412552	0.3477627836	0.03265182774	0.02656706276	0.02960944525	0.03269836218	0.130431904	0.02659210689	0.1742826906	0.02964413049	0.1521956187
5991284.051	0.07443966072	0.3348491995	0.04543988256	0.3932026661	0.03721983036	0.02271994128	0.02996988582	0.03728880813	0.1677207121	0.02273559793	0.1970182886	0.03000585509	0.1822014738
7935966.135	0.07141789832	0.4062670978	0.01686814582	0.410070812	0.03570894916	0.008434072909	0.02207151103	0.03576984699	0.2034905591	0.008434872973	0.2054531615	0.02208586405	0.2042873378
11169535.16	0.07816057026	0.4844276681	0.01857644669	0.4286472587	0.03908028513	0.009288223346	0.02418425424	0.03916015957	0.2426507187	0.009289291975	0.2147424535	0.02420314055	0.2284904784
11222051.18	0.06108927759	0.5455169457	0.08603338664	0.5146806453	0.0305446388	0.04301669332	0.03678066606	0.03058272061	0.2732334393	0.04312330001	0.2578657535	0.03684722566	0.265337704
12143080.48	0.05786588684	0.6033828325	0.007413591974	0.5220942373	0.02893294342	0.003706795987	0.0163198697	0.02896530207	0.3021987414	0.0037068639	0.2615726174	0.01632566888	0.2816633729
12522478.07	0.005502132748	0.6088849653	0.03530556078	0.557399798	0.002751066374	0.01765278039	0.01020192338	0.002751094136	0.3049498355	0.01766012051	0.2792327379	0.01020333948	0.2918667124
13504154.17	0.04435437532	0.6532393406	0.03921383835	0.5966136364	0.02217718766	0.01960691917	0.02089205342	0.02219174799	0.3271415835	0.01961697847	0.2988497164	0.02090422473	0.3127709371
13796523.23	0	0.6532393406	0.03964331357	0.63625695	0	0.01982165678	0.009910828392	0	0.3271415835	0.01983205044	0.3186817668	0.009912126679	0.3226830638
17210852.51	0.02789814522	0.6811374858	0.06979322352	0.7060501735	0.01394907261	0.03489661176	0.02442284219	0.01395269319	0.3410942767	0.0349534395	0.3536352063	0.02444229353	0.3471253573
21813118	0.0742309887	0.7553684745	0.03222233122	0.7382725047	0.03711549435	0.01611116561	0.02661332998	0.03718389238	0.3782781691	0.01611674505	0.3697519514	0.02663850533	0.3737638627
22949080.27	0.1001076611	0.8554761356	0.06052993629	0.798802441	0.05005383053	0.03026496815	0.04015939934	0.05022204873	0.4285002178	0.03030201195	0.4000539633	0.04024609271	0.4140099554
24088939.35	0.04455461164	0.9000307472	0.0508880498	0.8496904908	0.02227730582	0.0254440249	0.02386066536	0.02229206439	0.4507922822	0.02546602232	0.4255199857	0.02387880298	0.4378887584
24700588.62	0.05962867045	0.9596594177	0.08150458254	0.9311950733	0.02981433522	0.04075229127	0.03528331325	0.02984974653	0.4806420287	0.04084289178	0.4663628774	0.03534205502	0.4732308134
24776184.38	0.04034058233	1	0.06880492666	1	0.02017029116	0.03440246333	0.02728637725	0.02018124332	0.5008232721	0.0344569065	0.5008197839	0.02731351372	0.5005443271
:chr 4
:ExpectedMaleRecPerMeiosisArm1 = 1
:ExpectedMaleRecPerMeiosisArm2 = 0
:ExpectedFemaleRecPerMeiosisArm1 = 1
:ExpectedFemaleRecPerMeiosisArm2 = 0
	male	male_accumulative	female	female_accumulative	Male_recombination_fraction	Female_recombination_fraction	Avg_recombination_fraction	Kosambi_male_interval	Kosambi_male_pos	Kosambi_female_interval	Kosambi_female_pos	Kosambi_both_interval	Kosambi_both_pos
130432.2738	0.0384934082	0.0384934082	0.07101024237	0.07101024237	0.0192467041	0.03550512118	0.02737591264	0.01925621878	0.01925621878	0.03556498004	0.03556498004	0.02740331745	0.02740331745
1255951.473	0.06162145681	0.100114865	0.05861048968	0.129620732	0.03081072841	0.02930524484	0.03005798662	0.03084981571	0.05010603449	0.02933887053	0.06490385057	0.0300942745	0.05749759194
3123773.938	0.0613522781	0.1614671431	0.007737331242	0.1373580633	0.03067613905	0.003868665621	0.01727240233	0.03071471558	0.08082075007	0.003868742825	0.0687725934	0.01727927789	0.07477686984
3417178.547	0.04771921487	0.209186358	0.0683222032	0.2056802665	0.02385960743	0.0341611016	0.02901035452	0.02387774264	0.1046984927	0.03421440477	0.1029869982	0.02904297394	0.1038198438
5632216.299	0.05085157069	0.2600379287	0.03971216506	0.2453924315	0.02542578535	0.01985608253	0.02264093394	0.02544773544	0.1301462282	0.01986653047	0.1228535286	0.02265642769	0.1264762715
6161383.111	0.03168266629	0.291720595	0.03027429111	0.2756667227	0.01584133315	0.01513714556	0.01548923935	0.0158466368	0.145992865	0.01514177266	0.1379953013	0.01549419704	0.1419704685
6209285.816	0.02577960714	0.3175002021	0.06575576903	0.3414224917	0.01288980357	0.03287788452	0.02288384404	0.01289266018	0.1588855251	0.03292539386	0.1709206952	0.02289984227	0.1648703108
6669420.333	0.04052281691	0.358023019	0.02145490626	0.362877398	0.02026140846	0.01072745313	0.01549443079	0.02027250981	0.1791580349	0.01072909958	0.1816497947	0.01549939347	0.1803697042
10276697.35	0.06639037165	0.4244133907	0.04490248096	0.4077798789	0.03319518583	0.02245124048	0.02782321315	0.03324408648	0.2124021214	0.02246634773	0.2041161425	0.02785198505	0.2082216893
10449593.79	0.05982976008	0.4842431507	0.04330997829	0.4510898572	0.02991488004	0.02165498915	0.02578493459	0.02995065134	0.2423527728	0.02166854422	0.2257846867	0.02580782906	0.2340295184
12242220.31	0.02223400773	0.5064771585	0.03032412678	0.481413984	0.01111700387	0.01516206339	0.01313953363	0.01111883631	0.2534716091	0.01516671339	0.2409514001	0.01314255956	0.2471720779
14665162.32	0.008656634261	0.5151337927	0.1011249776	0.5825389616	0.00432831713	0.05056248879	0.02744540296	0.004328425253	0.2578000343	0.05073590918	0.2916873093	0.02747301724	0.2746450952
14739671.75	0.05763683128	0.572770624	0.04750037634	0.6300393379	0.02881841564	0.02375018817	0.02628430191	0.02885039103	0.2866504254	0.0237680748	0.3154553841	0.02630855399	0.3009536491
16519572.67	0.09233674769	0.6651073717	0.07349148405	0.703530822	0.04616837384	0.03674574203	0.04145705794	0.04630026086	0.3329506862	0.0368121118	0.3522674959	0.04155245405	0.3425061032
17027895.03	0.06121755706	0.7263249288	0.05732640502	0.760857227	0.03060877853	0.02866320251	0.02963599052	0.03064710111	0.3635977873	0.02869466335	0.3809621592	0.02967076926	0.3721768725
21061563.63	0.05121393785	0.7775388666	0.04443834676	0.8052955738	0.02560696892	0.02221917338	0.02391307115	0.02562939212	0.3892271795	0.02223381663	0.4031959759	0.02393132865	0.3961082011
22505527.17	0.07549770439	0.853036571	0.01034217469	0.8156377484	0.0377488522	0.005171087347	0.02145996977	0.03782082009	0.4270479995	0.005171271727	0.4083672476	0.02147316164	0.4175813628
23381311.68	0.0107555288	0.8637920998	0.06902161424	0.8846593627	0.005377764398	0.03451080712	0.01994428576	0.005377971781	0.4324259713	0.03456576727	0.4429330149	0.01995487364	0.4375362364
23658977.85	0.04861882917	0.912410929	0.02189046084	0.9065498235	0.02430941458	0.01094523042	0.0176273225	0.02432859592	0.4567545672	0.01094697921	0.4538799941	0.0176346309	0.4551708673
24573571.78	0.08758907102	1	0.09345017646	1	0.04379453551	0.04672508823	0.04525981187	0.04390704885	0.5006616161	0.04686182112	0.5007418152	0.04538403983	0.5005549071
:chr 5
:ExpectedMaleRecPerMeiosisArm1 = 1
:ExpectedMaleRecPerMeiosisArm2 = 0
:ExpectedFemaleRecPerMeiosisArm1 = 1
:ExpectedFemaleRecPerMeiosisArm2 = 0
	male	male_accumulative	female	female_accumulative	Male_recombination_fraction	Female_recombination_fraction	Avg_recombination_fraction	Kosambi_male_interval	Kosambi_male_pos	Kosambi_female_interval	Kosambi_female_pos	Kosambi_both_interval	Kosambi_both_pos
1716185.734	0.05963292059	0.05963292059	0.06309227725	0.06309227725	0.0298164603	0.03154613863	0.03068129946	0.02985187919	0.02985187919	0.03158809678	0.03158809678	0.03071989549	0.03071989549
1723247.232	0.03199356778	0.09162648837	0.07299313141	0.1360854087	0.01599678389	0.0364965657	0.0262466748	0.01600224529	0.04585412447	0.03656159157	0.06814968835	0.02627082276	0.05699071825
2129001.928	0.01226394257	0.1038904309	0.04422292799	0.1803083367	0.006131971286	0.022111464	0.01412171764	0.006132278738	0.05198640321	0.02212589516	0.0902755835	0.01412547436	0.07111619262
3950905.406	0.01052382678	0.1144142577	0.04383278378	0.2241411204	0.005261913391	0.02191639189	0.01358915264	0.005262107657	0.05724851087	0.02193044418	0.1122060277	0.01359250005	0.08470869266
4860858.458	0.09286035867	0.2072746164	0.05474706642	0.2788881869	0.04643017933	0.02737353321	0.03690185627	0.04656433062	0.1038128415	0.02740093086	0.1396069585	0.03696907742	0.1216777701
5107965.718	0.04141256174	0.2486871781	0.08780533289	0.3666935197	0.02070628087	0.04390266645	0.03230447366	0.02071813016	0.1245309717	0.04401601784	0.1836229764	0.03234953627	0.1540273064
8438842.386	0.06376815117	0.3124553293	0.06013718796	0.4268307077	0.03188407558	0.03006859398	0.03097633478	0.03192739889	0.1564583705	0.03010492034	0.2137278967	0.03101605673	0.1850433631
9834838.418	0.06860686831	0.3810621976	0.05190291607	0.4787336238	0.03430343415	0.02595145804	0.03012744609	0.03435740764	0.1908157782	0.02597479943	0.2397026961	0.03016398648	0.2152073496
9893907.029	0.04371858507	0.4247807827	0.05939144454	0.5381250683	0.02185929253	0.02969572227	0.0257775074	0.02187323519	0.2126890134	0.02973071203	0.2694334082	0.02580038207	0.2410077316
10080907	0.06947316146	0.4942539441	0.02473395453	0.5628590229	0.03473658073	0.01236697727	0.023551779	0.03479262873	0.2474816421	0.0123695001	0.2818029083	0.02356922069	0.2645769523
10138850.64	0.0283694744	0.5226234185	0.05851529188	0.6213743147	0.0141847372	0.02925764594	0.02172119157	0.01418854446	0.2616701866	0.02929110782	0.3110940161	0.02173487144	0.2863118238
10683605.09	0.04106990917	0.5636933277	0.06308718726	0.684461502	0.02053495458	0.03154359363	0.02603927411	0.02054651198	0.2822166985	0.03158554161	0.3426795577	0.02606285352	0.3123746773
14876657.26	0.05883568002	0.6225290077	0.0416881351	0.7261496371	0.02941784001	0.02084406755	0.02513095378	0.02945185532	0.3116685539	0.02085615513	0.3635357128	0.02515214835	0.3375268256
16605925.19	0.0503666965	0.6728957042	0.04712339062	0.7732730277	0.02518334825	0.02356169531	0.02437252178	0.0252046758	0.3368732297	0.02357915906	0.3871148719	0.02439185303	0.3619186787
17676106.84	0.01316011612	0.6860558204	0.03169602035	0.8049690481	0.006580058059	0.01584801018	0.01121403412	0.006580437962	0.3434536676	0.01585332055	0.4029681924	0.01121591497	0.3731345936
18371929.77	0.07995819339	0.7660140137	0.04944759132	0.8544166394	0.0399790967	0.02472379566	0.03235144618	0.04006462464	0.3835182923	0.0247439757	0.4277121681	0.03239670598	0.4055312996
18964890.28	0.05473045186	0.8207444656	0.04786947454	0.9022861139	0.02736522593	0.02393473727	0.0256499816	0.02739259861	0.4109108909	0.02395304449	0.4516652126	0.0256725181	0.4312038177
20807810.88	0.05377943059	0.8745238962	0.07016031167	0.9724464256	0.0268897153	0.03508015583	0.03098493557	0.0269156841	0.437826575	0.03513788677	0.4868030994	0.03102469066	0.4622285084
23551510.07	0.06524876369	0.9397726599	0.0275535744	1	0.03262438185	0.0137767872	0.02320058452	0.03267079883	0.4704973738	0.01378027523	0.5005833746	0.02321725688	0.4854457653
24758078.7	0.06022734011	1	0	1	0.03011367006	0	0.01505683503	0.03015016027	0.5006475341	0	0.5005833746	0.01506138885	0.5005071541
:chr 6
:ExpectedMaleRecPerMeiosisArm1 = 1
:ExpectedMaleRecPerMeiosisArm2 = 0
:ExpectedFemaleRecPerMeiosisArm1 = 1
:ExpectedFemaleRecPerMeiosisArm2 = 0
	male	male_accumulative	female	female_accumulative	Male_recombination_fraction	Female_recombination_fraction	Avg_recombination_fraction	Kosambi_male_interval	Kosambi_male_pos	Kosambi_female_interval	Kosambi_female_pos	Kosambi_both_interval	Kosambi_both_pos
163326.4474	0.08326374018	0.08326374018	0.06670115364	0.06670115364	0.04163187009	0.03335057682	0.03749122346	0.04172848146	0.04172848146	0.03340016866	0.03340016866	0.03756172458	0.03756172458
423619.3259	0.04980539988	0.1330691401	0.01656937947	0.08327053312	0.02490269994	0.008284689737	0.01659369484	0.02492332167	0.06665180313	0.008285448034	0.0416856167	0.01659979098	0.05416151556
589893.7003	0.02991628784	0.1629854279	0.07364249399	0.1569130271	0.01495814392	0.03682124699	0.02588969546	0.01496260875	0.08161441188	0.03688802763	0.07857364433	0.02591287042	0.08007438598
1394962.078	0.05386976966	0.2168551976	0.03905442143	0.1959674485	0.02693488483	0.01952721071	0.02323104777	0.02696098487	0.1085753968	0.01953714776	0.09811079209	0.02324778595	0.1033221719
2591519.28	0.06012692753	0.2769821251	0.07950971388	0.2754771624	0.03006346376	0.03975485694	0.03490916035	0.03009977151	0.1386751683	0.03983895016	0.1379497422	0.03496604954	0.1382882215
6072904.207	0.01960372715	0.2965858522	0.03514403189	0.3106211943	0.009801863577	0.01757201594	0.01368693976	0.009803119505	0.1484782878	0.01757925573	0.155528998	0.01369035997	0.1519785814
7314908.368	0.08272865036	0.3793145026	0.04933153053	0.3599527248	0.04136432518	0.02466576527	0.03301504522	0.04145908081	0.1899373686	0.0246858034	0.1802148014	0.0330631527	0.1850417341
7379656.253	0.07011387215	0.4494283747	0.07487365042	0.4348263753	0.03505693607	0.03743682521	0.03624688064	0.03511455222	0.2250519208	0.03750701921	0.2177218206	0.03631057824	0.2213523124
12214116.97	0.07648218292	0.5259105577	0.04939272745	0.4842191027	0.03824109146	0.02469636372	0.03146872759	0.03831591832	0.2633678391	0.0247164766	0.2424382972	0.03151037713	0.2528626895
12407453.14	0.05424360666	0.5801541643	0.07615177288	0.5603708756	0.02712180333	0.03807588644	0.03259884489	0.02714845117	0.2905162903	0.03814974546	0.2805880426	0.03264515277	0.2855078423
12636957.77	0.04627095661	0.6264251209	0.02165072004	0.5820215956	0.02313547831	0.01082536002	0.01698041916	0.02315201058	0.3136683009	0.01082705197	0.2914150946	0.01698695174	0.302494794
14309164.68	0.04183025439	0.6682553753	0.06230494708	0.6443265427	0.0209151272	0.03115247354	0.02603380037	0.02092733891	0.3345956398	0.03119287802	0.3226079726	0.02605736489	0.3285521589
14537601.42	0	0.6682553753	0.03829024842	0.6826167911	0	0.01914512421	0.009572562104	0	0.3345956398	0.01915448894	0.3417624616	0.009573731923	0.3381258908
14722957.96	0.0698697571	0.7381251324	0.05321081394	0.7358276051	0.03493487855	0.02660540697	0.03077014276	0.03499189381	0.3695875336	0.02663055981	0.3683930214	0.03080907556	0.3689349664
14738424.95	0.02996120991	0.7680863423	0.06030415975	0.7961317648	0.01498060496	0.03015207988	0.02256634242	0.01498508994	0.3845726235	0.0301887101	0.3985817315	0.02258168341	0.3915166498
17438874.31	0.02798071217	0.7960670545	0.01379473292	0.8099264977	0.01399035609	0.00689736646	0.01044386127	0.01399400891	0.3985666324	0.006897804021	0.4054795355	0.01044538055	0.4019620304
21780024.7	0.009139406047	0.8052064606	0.03974752412	0.8496740219	0.004569703023	0.01987376206	0.01222173254	0.004569830264	0.4031364627	0.01988423795	0.4253637735	0.01222416751	0.4141861979
21781181.58	0.06480546114	0.8700119217	0.07360797715	0.923281999	0.03240273057	0.03680398858	0.03460335957	0.03244820632	0.435584669	0.03687067515	0.4622344486	0.03465876395	0.4488449618
22713858.92	0.06050090591	0.9305128276	0.02261992802	0.945901927	0.03025045296	0.01130996401	0.02078020848	0.03028744341	0.4658721124	0.01131189356	0.4735463422	0.02079218523	0.469637147
22909713.03	0.06948717239	1	0.05409807297	1	0.0347435862	0.02704903649	0.03089631134	0.03479966818	0.5006717806	0.02707547017	0.5006218123	0.03093572577	0.5005728728
:chr 7
:ExpectedMaleRecPerMeiosisArm1 = 1
:ExpectedMaleRecPerMeiosisArm2 = 0
:ExpectedFemaleRecPerMeiosisArm1 = 1
:ExpectedFemaleRecPerMeiosisArm2 = 0
	male	male_accumulative	female	female_accumulative	Male_recombination_fraction	Female_recombination_fraction	Avg_recombination_fraction	Kosambi_male_interval	Kosambi_male_pos	Kosambi_female_interval	Kosambi_female_pos	Kosambi_both_interval	Kosambi_both_pos
157598.3945	0.03860005356	0.03860005356	0.03880995536	0.03880995536	0.01930002678	0.01940497768	0.01935250223	0.01930962081	0.01930962081	0.01941472917	0.01941472917	0.01936217477	0.01936217477
826485.9327	0.03328269496	0.07188274852	0.06014811676	0.09895807211	0.01664134748	0.03007405838	0.02335770293	0.01664749632	0.03595711712	0.03011040457	0.04952513374	0.02337471661	0.04273689138
3711219.809	0.03182143211	0.1037041806	0.04708780646	0.1460458786	0.01591071606	0.02354390323	0.01972730964	0.01591608974	0.05187320686	0.02356132741	0.07308646115	0.0197375555	0.06247444688
5035496.843	0.04397603437	0.147680215	0.03321160784	0.1792574864	0.02198801719	0.01660580392	0.01929691055	0.0220022078	0.07387541467	0.01661191342	0.08969837458	0.01930649993	0.08178094681
5366304.309	0.0742510485	0.2219312635	0.010201767	0.1894592534	0.03712552425	0.005100883501	0.02111320388	0.03719397787	0.1110693925	0.005101060472	0.09479943505	0.02112576609	0.1029067129
7103377.688	0.06609231309	0.2880235766	0	0.1894592534	0.03304615655	0	0.01652307827	0.03309440039	0.1441637929	0	0.09479943505	0.01652909688	0.1194358098
8426385.132	0.002413897837	0.2904374744	0.03614907654	0.22560833	0.001206948919	0.01807453827	0.009640743595	0.001206951263	0.1453707442	0.01808241745	0.1128818525	0.009641938593	0.1290777484
8772435.229	0.05574831739	0.3461857918	0.01598609975	0.2415944297	0.02787415869	0.007993049875	0.01793360428	0.02790308913	0.1732738333	0.007993730868	0.1208755834	0.01794130049	0.1470190489
9336456.462	0.07986161235	0.4260474042	0.08073145118	0.3223258809	0.03993080617	0.04036572559	0.04014826588	0.04001602377	0.2132898571	0.04045376557	0.1613293489	0.04023488698	0.1872539359
12626883.65	0.06334259629	0.4893900005	0.01359814006	0.3359240209	0.03167129815	0.006799070032	0.01923518409	0.0317137585	0.2450036156	0.006799489149	0.1681288381	0.01924468168	0.2064986175
12926948.52	0.05261253989	0.5420025404	0.0704974665	0.4064214874	0.02630626995	0.03524873325	0.0307775016	0.02633058295	0.2713341985	0.03530730214	0.2034361402	0.03081646238	0.2373150799
13832606.47	0.04800296441	0.5900055048	0.07999778899	0.4864192764	0.0240014822	0.0399988945	0.03200018835	0.02401994315	0.2953541417	0.04008454989	0.2435206901	0.03204398748	0.2693590674
14720493.83	0.03871797468	0.6287234795	0.06698859323	0.5534078697	0.01935898734	0.03349429662	0.02642664198	0.01936866962	0.3147228113	0.03354453352	0.2770652236	0.02645129065	0.2958103581
15957508.58	0.007771790968	0.6364952704	0.04507814542	0.5984860151	0.003885895484	0.02253907271	0.0132124841	0.003885973724	0.318608785	0.02255435811	0.2996195818	0.01321556072	0.3090259188
16343489.98	0.06291424102	0.6994095114	0.1086343265	0.7071203416	0.03145712051	0.05431716323	0.04288714187	0.0314987239	0.3501075089	0.05453236225	0.354151944	0.04299278543	0.3520187042
17682123.45	0.0844308468	0.7838403582	0.06189037267	0.7690107142	0.0422154234	0.03094518634	0.03658030487	0.04231616648	0.3924236754	0.03098478839	0.3851367324	0.03664578032	0.3886644845
18567610.78	0.04668505509	0.8305254133	0.06988908039	0.8388997946	0.02334252754	0.03494454019	0.02914353387	0.02335950806	0.4157831835	0.03500160286	0.4201383353	0.02917660522	0.4178410897
18827036.23	0.08821950506	0.9187449184	0.02276678741	0.861666582	0.04410975253	0.01138339371	0.02774657312	0.04422472058	0.4600079041	0.01138536109	0.4315236964	0.02777510762	0.4456161974
19893851.24	0.05491390997	0.9736588284	0.06594992364	0.9276165057	0.02745695498	0.03297496182	0.0302159584	0.02748460419	0.4874925082	0.03302289398	0.4645465903	0.03025282227	0.4758690196
20189847.58	0.02634117164	1	0.07238349433	1	0.01317058582	0.03619174716	0.02468116649	0.01317363326	0.5006661415	0.03625515393	0.5008017443	0.02470124222	0.5005702619
:chr 8
:ExpectedMaleRecPerMeiosisArm1 = 1
:ExpectedMaleRecPerMeiosisArm2 = 0
:ExpectedFemaleRecPerMeiosisArm1 = 1
:ExpectedFemaleRecPerMeiosisArm2 = 0
	male	male_accumulative	female	female_accumulative	Male_recombination_fraction	Female_recombination_fraction	Avg_recombination_fraction	Kosambi_male_interval	Kosambi_male_pos	Kosambi_female_interval	Kosambi_female_pos	Kosambi_both_interval	Kosambi_both_pos
634886.4294	0.05838377637	0.05838377637	0.07483420093	0.07483420093	0.02919188818	0.03741710047	0.03330449432	0.02922512464	0.02922512464	0.03748718332	0.03748718332	0.03335388051	0.03335388051
1604890.219	0.009594209195	0.06797798556	0.00136287875	0.07619707968	0.004797104598	0.0006814393748	0.002739271986	0.004797251795	0.03402237644	0.0006814397967	0.03816862312	0.002739299393	0.03609317991
1966448.199	0.07033557751	0.1383135631	0.04279927004	0.1189963497	0.03516778875	0.02139963502	0.02828371189	0.03522595428	0.06924833072	0.02141271586	0.05958133898	0.02831393804	0.06440711795
2265092.755	0.04480387343	0.1831174365	0.05667341067	0.1756697604	0.02240193672	0.02833670533	0.02536932103	0.02241694458	0.0916652753	0.02836710192	0.0879484409	0.02539112506	0.089798243
2858438.1	0.03557992664	0.2186973631	0.06090911467	0.2365788751	0.01778996332	0.03045455734	0.02412226033	0.01779747598	0.1094627513	0.03049230272	0.1184407436	0.02414100163	0.1139392446
4958062.214	0.06047233368	0.2791696968	0.0401787173	0.2767575924	0.03023616684	0.02008935865	0.02516276275	0.03027310483	0.1397358561	0.02010017941	0.138540923	0.02518403798	0.1391232826
6454085.096	0.08433360814	0.363503305	0.05428037446	0.3310379668	0.04216680407	0.02714018723	0.03465349565	0.04226719848	0.1820030546	0.02716688936	0.1657078124	0.03470914166	0.1738324243
6612439.654	0.05691505835	0.4204183633	0.0449820729	0.3760200397	0.02845752917	0.02249103645	0.02547428281	0.02848831675	0.2104913714	0.02250622425	0.1882140366	0.02549635888	0.1993287832
6968627.419	0.04915564607	0.4695740094	0.06566026719	0.4416803069	0.02457782304	0.0328301336	0.02870397832	0.0245976474	0.2350890188	0.03287743588	0.2210914725	0.0287355738	0.228064357
8385318.556	0.02495463867	0.4945286481	0.06040766349	0.5020879704	0.01247731934	0.03020383175	0.02134057554	0.01247991032	0.2475689291	0.03024065119	0.2513321237	0.0213535483	0.2494179053
8494574.289	0.07321297271	0.5677416208	0.07847006273	0.5805580331	0.03660648635	0.03923503136	0.03792075886	0.0366721028	0.2842410319	0.03931586077	0.2906479845	0.03799371674	0.287411622
10292769.26	0.008502047629	0.5762436684	0.03456158619	0.6151196193	0.004251023815	0.01728079309	0.01076590845	0.004251126247	0.2884921581	0.01728767868	0.3079356632	0.01076757268	0.2981791947
13977269.24	0.09242786003	0.6686715284	0.07158414912	0.6867037684	0.04621393002	0.03579207456	0.04100300229	0.04634620918	0.3348383673	0.03585339955	0.3437890627	0.04109528981	0.3392744845
14048749.62	0.06291043806	0.7315819665	0.05052891599	0.7372326844	0.03145521903	0.02526445799	0.02835983851	0.03149681487	0.3663351822	0.02528599249	0.3690750552	0.0283903097	0.3676647942
14934635.79	0.03156876838	0.7631507349	0.07779384063	0.8150265251	0.01578438419	0.03889692032	0.02734065225	0.01578963083	0.382124813	0.038975673	0.4080507282	0.02736795117	0.3950327454
15408242.87	0.06309542738	0.8262461622	0.01485570433	0.8298822294	0.03154771369	0.007427852166	0.01948778293	0.03158967814	0.4137144911	0.007428398661	0.4154791269	0.01949765986	0.4145304052
19302550.84	0.09774204135	0.9239882036	0.03015842255	0.8600406519	0.04887102067	0.01507921127	0.03197511597	0.04902754877	0.4627420399	0.01508378544	0.4305629123	0.03201881207	0.4465492173
20717903.33	0.04713116481	0.9711193684	0.009960122775	0.8700007747	0.0235655824	0.004980061388	0.0142728219	0.02358305481	0.4863250947	0.004980226078	0.4355431384	0.01427670055	0.4608259178
21228313.54	0.009706073359	0.9808254418	0.05497351626	0.924974291	0.00485303668	0.02748675813	0.01616989741	0.004853189086	0.4911782838	0.02751449758	0.4630576359	0.01617553811	0.4770014559
23660391.53	0.01917455824	1	0.07502570902	1	0.009587279119	0.03751285451	0.02355006681	0.009588454343	0.5007667381	0.03758347801	0.500641114	0.0235675047	0.5005689606
:chr 9
:ExpectedMaleRecPerMeiosisArm1 = 1
:ExpectedMaleRecPerMeiosisArm2 = 0
:ExpectedFemaleRecPerMeiosisArm1 = 1
:ExpectedFemaleRecPerMeiosisArm2 = 0
	male	male_accumulative	female	female_accumulative	Male_recombination_fraction	Female_recombination_fraction	Avg_recombination_fraction	Kosambi_male_interval	Kosambi_male_pos	Kosambi_female_interval	Kosambi_female_pos	Kosambi_both_interval	Kosambi_both_pos
263888.1911	0.06463133625	0.06463133625	0.06534721815	0.06534721815	0.03231566813	0.03267360908	0.0324946386	0.03236077768	0.03236077768	0.03272023686	0.03272023686	0.03254050307	0.03254050307
2186903.603	0.09070434053	0.1553356768	0.04945402567	0.1148012438	0.04535217027	0.02472701284	0.03503959155	0.04547716282	0.0778379405	0.02474720076	0.05746743762	0.03509712205	0.06763762512
2844080.167	0.03995359051	0.1952892673	0.07424931602	0.1890505599	0.01997679525	0.03712465801	0.02855072663	0.01998743503	0.09782537553	0.03719310683	0.09466054445	0.02858181809	0.09621944321
4065200.898	0.06823625109	0.2635255184	0.02598309095	0.2150336508	0.03411812555	0.01299154547	0.02355483551	0.03417122742	0.1319966029	0.01299447028	0.1076550147	0.023572284	0.1197917272
5479311.503	0.08039880611	0.3439243245	0.03740360003	0.2524372508	0.04019940305	0.01870180002	0.02945060154	0.04028635643	0.1722829594	0.0187105288	0.1263655435	0.02948473077	0.149276458
7863197.246	0.01786250538	0.3617868299	0.04648423037	0.2989214812	0.008931252689	0.02324211519	0.01608668394	0.008932202767	0.1812151621	0.02325887732	0.1496244208	0.01609223797	0.1653686959
7915624.84	0.04136229966	0.4031491295	0.08005905622	0.3789805374	0.02068114983	0.04002952811	0.03035533897	0.020692956	0.2019081181	0.04011538097	0.1897398018	0.03039271609	0.195761412
7973511.905	0.06026637456	0.4634155041	0.07212170033	0.4511022377	0.03013318728	0.03606085016	0.03309701872	0.03016974859	0.2320778667	0.03612357	0.2258633718	0.03314548606	0.2289068981
12571242.48	0.06594388427	0.5293593884	0.0675046073	0.518606845	0.03297194213	0.03375230365	0.03336212289	0.03301986111	0.2650977278	0.03380371259	0.2596670844	0.03341176635	0.2623186645
14408759.73	0.0252013356	0.554560724	0.02654050889	0.5451473539	0.0126006678	0.01327025445	0.01293546112	0.01260333641	0.2777010643	0.01327337161	0.272940456	0.0129383482	0.2752570127
14724780.15	0.05396095377	0.6085216777	0.03471913263	0.5798664866	0.02698047688	0.01735956632	0.0221700216	0.02700670984	0.3047077741	0.01736654655	0.2903070026	0.02218456781	0.2974415805
15412497.6	0.003535322206	0.6120569999	0.02634834494	0.6062148315	0.001767661103	0.01317417247	0.007470916787	0.001767668467	0.3064754426	0.0131772224	0.303484225	0.007471472843	0.3049130533
15525399.19	0.04801442717	0.6600714271	0.02270243083	0.6289172623	0.02400721359	0.01135121541	0.0176792145	0.02402568777	0.3305011303	0.01135316616	0.3148373911	0.01768658766	0.322599641
17192941.56	0.05801641902	0.7180878461	0.04299985744	0.6719171198	0.02900820951	0.02149992872	0.02525406912	0.02904082169	0.359541952	0.02151319447	0.3363505856	0.02527557703	0.347875218
17877939.32	0.01648746286	0.734575309	0.001232416006	0.6731495358	0.00824373143	0.0006162080031	0.004429969717	0.008244478534	0.3677864306	0.0006162083151	0.3369667939	0.004430085637	0.3523053036
17984553.31	0.05598302936	0.7905583383	0.05703901919	0.730188555	0.02799151468	0.0285195096	0.02825551214	0.02802081253	0.3958072431	0.02855049904	0.365517293	0.02828564786	0.3805909515
21309150.02	0.07424027114	0.8647986095	0.07035952336	0.8005480783	0.03712013557	0.03517976168	0.03614994862	0.03718855932	0.4329958024	0.03523798675	0.4007552797	0.0362131355	0.416804087
23054055.17	0.04006135804	0.9048599675	0.08708255259	0.8876306309	0.02003067902	0.0435412763	0.03178597766	0.02004140518	0.4530372076	0.04365184303	0.4444071227	0.03182890167	0.4486329887
23245366.21	0.05202845755	0.9568884251	0.04980675793	0.9374373889	0.02601422878	0.02490337896	0.02545880387	0.02603774014	0.4790749477	0.02492400238	0.4693311251	0.02548083968	0.4741138283
24405500.42	0.04311157492	1	0.06256261114	1	0.02155578746	0.03128130557	0.02641854652	0.02156915696	0.5006441047	0.0313222142	0.5006533393	0.02644317251	0.5005570009
:chr 10
:ExpectedMaleRecPerMeiosisArm1 = 1
:ExpectedMaleRecPerMeiosisArm2 = 0
:ExpectedFemaleRecPerMeiosisArm1 = 1
:ExpectedFemaleRecPerMeiosisArm2 = 0
	male	male_accumulative	female	female_accumulative	Male_recombination_fraction	Female_recombination_fraction	Avg_recombination_fraction	Kosambi_male_interval	Kosambi_male_pos	Kosambi_female_interval	Kosambi_female_pos	Kosambi_both_interval	Kosambi_both_pos
3639814.539	0.03409193861	0.03409193861	0.05773868109	0.05773868109	0.0170459693	0.02886934055	0.02295765493	0.01705257786	0.01705257786	0.02890148598	0.02890148598	0.02297380859	0.02297380859
3751842.47	0.04112562211	0.07521756072	0.01865569783	0.07639437893	0.02056281105	0.009327848917	0.01494532998	0.02057441557	0.03762699344	0.009328931282	0.03823041726	0.01494978335	0.03792359194
5639681.118	0.04067833775	0.1158958985	0.03083463048	0.1072290094	0.02033916887	0.01541731524	0.01787824206	0.02035039862	0.05797739206	0.01542220416	0.05365262142	0.01788586717	0.05580945912
7275969.655	0.04434978802	0.1602456865	0.06115416374	0.1683831731	0.02217489401	0.03057708187	0.02637598794	0.02218944982	0.08016684188	0.03061528535	0.08426790676	0.02640049498	0.0822099541
7743907.071	0	0.1602456865	0.04664468474	0.2150278579	0	0.02332234237	0.01166117118	0	0.08016684188	0.02333927883	0.1076071856	0.01166328617	0.09387324027
7931433.947	0.104244751	0.2644904375	0.0558614731	0.270889331	0.05212237551	0.02793073655	0.04002655603	0.05231242025	0.1324792621	0.02795984373	0.1355670293	0.04011238972	0.13398563
8547292.188	0.0391926616	0.3036830991	0.05923981182	0.3301291428	0.0195963308	0.02961990591	0.02460811836	0.0196063738	0.1520856359	0.02965462798	0.1652216573	0.02462801619	0.1586136462
10990986.7	0.05545517317	0.3591382723	0.0963304355	0.4264595783	0.02772758658	0.04816521775	0.03794640217	0.02775606247	0.1798416984	0.04831503668	0.213536694	0.0380195085	0.1966331547
11283607.66	0.06408663096	0.4232249032	0.03406259098	0.4605221693	0.03204331548	0.01703129549	0.02453730548	0.03208729223	0.2119289906	0.01703788699	0.230574581	0.02455703187	0.2211901865
13075058.53	0.07548921908	0.4987141223	0.04226060197	0.5027827713	0.03774460954	0.02113030099	0.02943745526	0.03781655311	0.2497455437	0.02114289376	0.2517174747	0.02947153875	0.2506617253
13968333.27	0.06113632205	0.5598504444	0.09570247976	0.598485251	0.03056816103	0.04785123988	0.03920970045	0.03060633102	0.2803518748	0.04799813726	0.299715612	0.03929037302	0.2899520983
14988796.03	0.08885987108	0.6487103154	0.03687940345	0.6353646545	0.04442993554	0.01843970173	0.03143481863	0.04454743343	0.3248993082	0.01844806844	0.3181636804	0.03147633346	0.3214284318
16475924.95	0.09613542821	0.7448457436	0.03279398268	0.6681586372	0.04806771411	0.01639699134	0.03223235272	0.04821662164	0.3731159298	0.01640287316	0.3345665536	0.03227711369	0.3537055455
17754507.76	0.05309876388	0.7979445075	0.04385575233	0.7120143895	0.02654938194	0.02192787616	0.02423862905	0.02657437604	0.3996903059	0.02194195057	0.3565085042	0.02425764316	0.3779631886
18549084.47	0.02501033324	0.8229548408	0.07347348911	0.7854878786	0.01250516662	0.03673674456	0.02462095559	0.01250777499	0.4121980809	0.03680306548	0.3933115696	0.02464088461	0.4026040732
18733405.75	0.04359473609	0.8665495769	0.01102250051	0.7965103791	0.02179736804	0.005511250257	0.01365430915	0.02181119245	0.4340092733	0.005511473471	0.3988230431	0.01365770495	0.4162617782
20892805.34	0.03207671897	0.8986262958	0.07249105201	0.8690014311	0.01603835949	0.036245526	0.02614194274	0.01604386359	0.4500531369	0.03630921645	0.4351322596	0.02616580247	0.4424275806
21066742.19	0.05907835197	0.9577046478	0.08709879666	0.9561002278	0.02953917598	0.04354939833	0.03654428716	0.02957361452	0.4796267514	0.04366002714	0.4787922867	0.03660956898	0.4790371496
23516348.69	0	0.9577046478	0.008463888738	0.9645641165	0	0.004231944369	0.002115972184	0	0.4796267514	0.004232045428	0.4830243321	0.002115984816	0.4811531344
23962751.34	0.04229535221	1	0.03543588348	1	0.0211476761	0.01771794174	0.01943280892	0.02116029999	0.5007870514	0.01772536349	0.5007496956	0.01944260245	0.5005957369
